%for G = 10 and K = 20
alpha =  [0.1, 0.2, 0.3, 0.4, 0.5, 0.6, 0.7, 0.8, 0.9] ;
beta =  [0.9, 0.8, 0.7, 0.6, 0.5, 0.4, 0.3, 0.2, 0.1] ;
anaRes = [ [107, 76, 48, 28, 20, 17, 16, 15, 15] ;
[54, 39, 26, 20, 17, 16, 15, 15, 15] ;
[36, 27, 20, 17, 16, 15, 15, 15, 17] ;
[28, 21, 17, 16, 15, 15, 15, 16, 19] ;
[22, 18, 16, 15, 15, 15, 16, 18, 22] ;
[19, 16, 15, 15, 15, 16, 17, 21, 28] ;
[17, 15, 15, 15, 16, 17, 20, 27, 36] ;
[15, 15, 15, 16, 17, 20, 26, 39, 54] ;
[15, 15, 16, 17, 20, 28, 48, 76, 107] ;
];
simRes = [ [101, 72, 45, 26, 18, 15, 14, 13, 13] ;
[51, 36, 24, 18, 15, 14, 13, 13, 13] ;
[33, 24, 18, 15, 14, 13, 13, 13, 15] ;
[25, 19, 15, 14, 13, 13, 13, 14, 17] ;
[20, 16, 14, 13, 13, 13, 14, 16, 20] ;
[17, 14, 13, 13, 13, 14, 15, 19, 25] ;
[15, 13, 13, 13, 14, 15, 18, 24, 33] ;
[13, 13, 13, 14, 15, 18, 24, 36, 50] ;
[13, 13, 14, 15, 18, 26, 45, 72, 101] ;
];
KG10 =  [11, 15, 20, 25, 30, 35, 40, 45, 50, 55, 60] ;
anaResKG10 =  [27, 17, 15, 14, 13, 13, 13, 13, 13, 12, 12] ;
simResKG10 =  [22, 15, 13, 12, 11, 11, 11, 11, 11, 10, 10] ;

KG20 =  [21, 25, 30, 35, 40, 45, 50, 55, 60, 70, 80] ;
anaResKG20 =  [64, 41, 34, 31, 29, 28, 27, 26, 26, 25, 24] ;
simResKG20 =  [55, 38, 31, 29, 27, 26, 25, 24, 24, 23, 22] ;

KG30 =  [31, 35, 40, 45, 50, 55, 60, 65, 70, 75, 80, 90] ;
anaResKG30 =  [106, 69, 56, 50, 47, 44, 43, 41, 40, 40, 39, 38] ;
simResKG30 =  [94, 65, 53, 48, 45, 42, 41, 39, 38, 37, 37, 36] ;

K2Galpha =  [0.1, 0.2, 0.3, 0.4, 0.5, 0.6, 0.7, 0.8, 0.9] ;
K2Gbeta =  [0.25, 0.5, 0.75] ;
K2GanaRes = [ [31, 29, 29, 30, 32, 35, 44, 62, 86] ;
[44, 34, 31, 29, 29, 29, 31, 34, 44] ;
[86, 62, 44, 35, 32, 30, 29, 29, 31] ;
];
K2GsimRes = [ [29, 27, 27, 28, 29, 33, 41, 59, 82] ;
[41, 32, 29, 27, 27, 27, 29, 32, 41] ;
[83, 59, 41, 33, 29, 28, 27, 27, 29] ;
];
